1
7 2 4 0 0 3 8 0 0
8 0 0 0 7 0 0 0 9
0 6 0 0 8 1 0 0 0
2 0 5 4 0 8 6 1 7
9 0 6 0 0 0 2 0 3
1 4 7 0 2 6 5 0 0
5 1 0 0 4 7 9 0 2
6 0 2 0 3 9 4 0 5
0 9 3 8 5 0 1 0 0

0 7 2 1 0 0 4 0 0
0 1 0 8 0 4 0 2 0
0 4 0 3 0 0 5 9 0
1 0 0 9 0 0 0 4 7
3 0 0 5 0 6 0 0 9
4 2 0 0 3 0 0 0 8
0 5 1 0 0 7 0 3 0
0 9 0 2 0 3 0 6 0
0 0 4 0 0 9 8 7 0

0 0 0 0 7 0 0 0 6
2 0 4 0 5 1 0 7 0
8 0 0 0 0 2 0 1 9
5 0 0 6 0 0 2 0 0
0 0 1 0 0 4 9 5 0
0 0 8 0 0 0 0 0 1
3 7 0 1 0 0 0 0 5
0 1 0 3 0 0 7 0 2
9 0 0 0 2 0 1 0 0

0 0 0 0 0 0 0 0 0
0 0 0 0 0 0 0 0 0
0 0 0 0 0 0 0 0 0
0 0 0 0 0 0 0 0 0
0 0 0 0 0 0 0 0 0
0 0 0 0 0 0 0 0 0
0 0 0 0 0 0 0 0 0
0 0 0 0 0 0 0 0 0
0 0 0 0 0 0 0 0 0
